direct,indirect,issuer_cik,issuer_name,isDirector,isOfficer,isTenPercentOwner,isOther,date,name,accession,officerTitle,predicted_gender,total_stock
,,1777393,switchback energy acquisition corp,1,0,0.0,0.0,20190730,armes joseph b,121390019014009,,male,
,,1777393,switchback energy acquisition corp,0,1,0.0,0.0,20190730,rosinski josh,121390019014029,Chief Operating Officer,male,
,,1777393,switchback energy acquisition corp,0,0,1.0,0.0,20190730,"ngp switchback, llc",121390019014025,,male,
,,1777393,switchback energy acquisition corp,1,1,1.0,0.0,20190730,mutrie james e.,121390019014023,"CCO, GC & Secretary",male,
,,1777393,switchback energy acquisition corp,1,0,1.0,0.0,20190730,stoutner sam,121390019014032,,male,
,,1777393,switchback energy acquisition corp,1,0,1.0,0.0,20190730,gieselman scott,121390019014019,,male,
,,1777393,switchback energy acquisition corp,1,0,1.0,0.0,20190730,carter christopher g,121390019014015,,male,
,,1777393,switchback energy acquisition corp,1,0,0.0,0.0,20190730,arrott zane w.,121390019014011,,female,
,,1777393,switchback energy acquisition corp,1,1,1.0,0.0,20190730,mcneill scott k.,121390019014021,CEO & CFO,male,
,,1777393,switchback energy acquisition corp,1,0,1.0,0.0,20190906,carter christopher g,121390019017422,,male,
,,1777393,switchback energy acquisition corp,1,0,1.0,0.0,20190906,gieselman scott,121390019017424,,male,
,,1777393,switchback energy acquisition corp,1,1,1.0,0.0,20190906,mcneill scott k.,121390019017426,CEO & CFO,male,
,,1777393,switchback energy acquisition corp,1,1,1.0,0.0,20190906,mutrie james e.,121390019017428,"CCO, GC & Secretary",male,
,,1777393,switchback energy acquisition corp,0,0,1.0,0.0,20190906,"ngp switchback, llc",121390019017430,,male,
,,1777393,switchback energy acquisition corp,1,0,1.0,0.0,20190906,stoutner sam,121390019017432,,male,
,,1777393,switchback energy acquisition corp,0,0,1.0,0.0,20190923,"ngp switchback, llc",121390019018716,,male,
,,1777393,switchback energy acquisition corp,1,0,1.0,0.0,20190923,stoutner sam,121390019018718,,male,
,,1777393,switchback energy acquisition corp,1,1,1.0,0.0,20190923,mcneill scott k.,121390019018714,CEO & CFO,male,
,,1777393,switchback energy acquisition corp,1,0,1.0,0.0,20190923,gieselman scott,121390019018712,,male,
,,1777393,switchback energy acquisition corp,1,0,1.0,0.0,20190923,carter christopher g,121390019018710,,male,
,,1777393,switchback energy acquisition corp,1,1,1.0,0.0,20190923,mutrie james e.,121390019018708,"CCO, GC & Secretary",male,
,,1777393,switchback energy acquisition corp,1,0,1.0,0.0,20200803,gieselman scott,121390020019923,,male,
,,1777393,switchback energy acquisition corp,1,0,0.0,0.0,20200803,kubis raymond r,121390020019922,,male,
,,1777393,switchback energy acquisition corp,1,0,1.0,0.0,20200803,stoutner sam,121390020019920,,male,
,,1777393,switchback energy acquisition corp,1,1,1.0,0.0,20200803,mcneill scott k.,121390020019924,CEO & CFO,male,
,,1777393,switchback energy acquisition corp,1,1,1.0,0.0,20200803,mutrie james e.,121390020019914,"CCO, GC & Secretary",male,
,,1777393,switchback energy acquisition corp,1,0,1.0,0.0,20200803,carter christopher g,121390020019913,,male,
,,1777393,switchback energy acquisition corp,0,0,1.0,0.0,20200803,"ngp switchback, llc",121390020019917,,male,
,,1777393,"chargepoint holdings, inc.",0,0,1.0,0.0,20210301,"ngp switchback, llc",121390021012706,,male,22961032.0
,,1777393,"chargepoint holdings, inc.",1,0,0.0,0.0,20210301,kubis raymond r,121390021012698,,male,22961032.0
,,1777393,"chargepoint holdings, inc.",1,1,1.0,0.0,20210301,mcneill scott k.,121390021012699,CEO & CFO,male,22961032.0
,,1777393,"chargepoint holdings, inc.",1,1,1.0,0.0,20210301,mutrie james e.,121390021012701,"CCO, GC & Secretary",male,22961032.0
,,1777393,"chargepoint holdings, inc.",1,0,0.0,0.0,20210301,armes joseph b,121390021012702,,male,22961032.0
,,1777393,"chargepoint holdings, inc.",1,0,0.0,0.0,20210301,arrott zane w.,121390021012704,,female,22961032.0
,,1777393,"chargepoint holdings, inc.",1,0,1.0,0.0,20210301,carter christopher g,121390021012705,,male,22961032.0
,,1777393,"chargepoint holdings, inc.",1,0,1.0,0.0,20210301,stoutner sam,121390021012707,,male,22961032.0
,,1777393,"chargepoint holdings, inc.",1,0,1.0,0.0,20210301,gieselman scott,121390021012697,,male,22961032.0
22922.0,,1777393,"chargepoint holdings, inc.",0,1,0.0,0.0,20210302,loewenthal william j,89924321009015,"Senior Vice President, Product",male,22961032.0
36738.0,,1777393,"chargepoint holdings, inc.",1,0,0.0,0.0,20210302,wagoner g richard jr,89924321009019,,male,22961032.0
2749839.0,,1777393,"chargepoint holdings, inc.",1,0,0.0,0.0,20210302,suslak neil s,89924321009018,,male,22961032.0
79728.0,,1777393,"chargepoint holdings, inc.",0,1,0.0,0.0,20210302,sidle eric,89924321009017,See Remarks,male,22961032.0
1862577.0,,1777393,"chargepoint holdings, inc.",1,1,0.0,0.0,20210302,romano pasquale,89924321009016,See Remarks,male,22961032.0
382996.0,,1777393,"chargepoint holdings, inc.",1,0,0.0,0.0,20210302,leschly mark,89924321009014,,male,22961032.0
64289.0,,1777393,"chargepoint holdings, inc.",0,1,0.0,0.0,20210302,lee lawrence,89924321009013,See Remarks,male,22961032.0
275368.0,,1777393,"chargepoint holdings, inc.",0,1,0.0,0.0,20210302,jansen colleen,89924321009012,Chief Marketing Officer,female,22961032.0
91724.0,,1777393,"chargepoint holdings, inc.",0,1,0.0,0.0,20210302,jackson rex s,89924321009009,Chief Financial Officer,male,22961032.0
40019.0,,1777393,"chargepoint holdings, inc.",1,0,0.0,0.0,20210302,chizen bruce r,89924321009006,,male,22961032.0
99660.0,,1777393,"chargepoint holdings, inc.",0,1,0.0,0.0,20210302,hughes michael d,89924321009008,See Remarks,male,22961032.0
,,1777393,"chargepoint holdings, inc.",1,0,0.0,0.0,20210302,bowman roxanne,89924321009002,,female,22961032.0
436511.0,,1777393,"chargepoint holdings, inc.",0,1,0.0,0.0,20210302,burghardt christopher,89924321009003,"Managing Director, Europe",male,22961032.0
42663.0,,1777393,"chargepoint holdings, inc.",1,0,0.0,0.0,20210323,chizen bruce r,89924321013204,,male,22961032.0
103584.0,,1777393,"chargepoint holdings, inc.",0,1,0.0,0.0,20210323,jackson rex s,89924321013206,Chief Financial Officer,male,22961032.0
309500.0,,1777393,"chargepoint holdings, inc.",0,1,0.0,0.0,20210323,jansen colleen,89924321013208,Chief Marketing Officer,female,22961032.0
72595.0,,1777393,"chargepoint holdings, inc.",0,1,0.0,0.0,20210323,lee lawrence,89924321013210,See Remarks,male,22961032.0
408296.0,,1777393,"chargepoint holdings, inc.",1,0,0.0,0.0,20210323,leschly mark,89924321013214,,male,22961032.0
41484.0,,1777393,"chargepoint holdings, inc.",1,0,0.0,0.0,20210323,wagoner g richard jr,89924321013222,,male,22961032.0
31634.0,,1777393,"chargepoint holdings, inc.",0,1,0.0,0.0,20210323,loewenthal william j,89924321013216,"Senior Vice President, Product",male,22961032.0
2143977.0,,1777393,"chargepoint holdings, inc.",1,1,0.0,0.0,20210323,romano pasquale,89924321013218,See Remarks,male,22961032.0
102401.0,,1777393,"chargepoint holdings, inc.",0,1,0.0,0.0,20210323,sidle eric,89924321013219,See Remarks,male,22961032.0
2937621.0,,1777393,"chargepoint holdings, inc.",1,0,0.0,0.0,20210323,suslak neil s,89924321013220,,male,22961032.0
8160.0,,1777393,"chargepoint holdings, inc.",1,0,0.0,0.0,20210323,bowman roxanne,89924321013197,,female,22961032.0
468862.0,,1777393,"chargepoint holdings, inc.",0,1,0.0,0.0,20210323,burghardt christopher,89924321013200,"Managing Director, Europe",male,22961032.0
136039.0,,1777393,"chargepoint holdings, inc.",0,1,0.0,0.0,20210323,hughes michael d,89924321013205,See Remarks,male,22961032.0
12080.0,,1777393,"chargepoint holdings, inc.",1,0,0.0,0.0,20210601,heystee susan,89924321021420,,female,305073200.0
43094.0,41484.0,1777393,"chargepoint holdings, inc.",1,0,0.0,0.0,20210601,wagoner g richard jr,89924321021422,,male,305073200.0
18500.0,408296.0,1777393,"chargepoint holdings, inc.",1,0,0.0,0.0,20210601,leschly mark,89924321021421,,male,305073200.0
384974.0,103584.0,1777393,"chargepoint holdings, inc.",0,1,0.0,0.0,20210604,jackson rex s,89924321022164,Chief Financial Officer,male,305073200.0
152401.0,,1777393,"chargepoint holdings, inc.",0,1,0.0,0.0,20210604,sidle eric,89924321022162,See Remarks,male,305073200.0
336499.0,72595.0,1777393,"chargepoint holdings, inc.",0,1,0.0,0.0,20210604,lee lawrence,89924321022161,See Remarks,male,305073200.0
568862.0,,1777393,"chargepoint holdings, inc.",0,1,0.0,0.0,20210604,burghardt christopher,89924321022160,"Managing Director, Europe",male,305073200.0
286039.0,,1777393,"chargepoint holdings, inc.",0,1,0.0,0.0,20210604,hughes michael d,89924321022159,See Remarks,male,305073200.0
81634.0,,1777393,"chargepoint holdings, inc.",0,1,0.0,0.0,20210604,loewenthal william j,89924321022158,"Senior Vice President, Product",male,305073200.0
409500.0,,1777393,"chargepoint holdings, inc.",0,1,0.0,0.0,20210604,jansen colleen,89924321022165,Chief Marketing Officer,female,305073200.0
51264.0,,1777393,"chargepoint holdings, inc.",0,1,0.0,0.0,20210604,chavez rebecca,89924321022163,General Counsel and Secretary,female,305073200.0
563847.0,,1777393,"chargepoint holdings, inc.",0,1,0.0,0.0,20210625,burghardt christopher,89924321026067,"Managing Director, Europe",male,306261388.0
334275.0,72595.0,1777393,"chargepoint holdings, inc.",0,1,0.0,0.0,20210625,lee lawrence,89924321026081,See Remarks,male,306261388.0
150393.0,,1777393,"chargepoint holdings, inc.",0,1,0.0,0.0,20210625,sidle eric,89924321026082,See Remarks,male,306261388.0
276477.0,,1777393,"chargepoint holdings, inc.",0,1,0.0,0.0,20210625,hughes michael d,89924321026083,See Remarks,male,306261388.0
362663.0,103584.0,1777393,"chargepoint holdings, inc.",0,1,0.0,0.0,20210625,jackson rex s,89924321026085,Chief Financial Officer,male,306261388.0
79410.0,,1777393,"chargepoint holdings, inc.",0,1,0.0,0.0,20210625,loewenthal william j,89924321026080,"Senior Vice President, Product",male,306261388.0
83844.0,,1777393,"chargepoint holdings, inc.",0,1,0.0,0.0,20210702,loewenthal william j,89924321027353,"Senior Vice President, Product",male,306261388.0
12240.0,,1777393,"chargepoint holdings, inc.",1,0,0.0,0.0,20210702,bowman roxanne,89924321027357,,female,306261388.0
580303.0,,1777393,"chargepoint holdings, inc.",0,1,0.0,0.0,20210702,burghardt christopher,89924321027370,"Managing Director, Europe",male,306261388.0
2284712.0,,1777393,"chargepoint holdings, inc.",1,1,0.0,0.0,20210702,romano pasquale,89924321027368,See Remarks,male,306261388.0
76748.0,,1777393,"chargepoint holdings, inc.",0,1,0.0,0.0,20210702,lee lawrence,89924321027385,See Remarks,male,306261388.0
3031512.0,,1777393,"chargepoint holdings, inc.",1,0,0.0,0.0,20210702,suslak neil s,89924321027372,,male,306261388.0
294667.0,,1777393,"chargepoint holdings, inc.",0,1,0.0,0.0,20210702,hughes michael d,89924321027373,See Remarks,male,306261388.0
420946.0,,1777393,"chargepoint holdings, inc.",1,0,0.0,0.0,20210702,leschly mark,89924321027377,,male,306261388.0
161162.0,,1777393,"chargepoint holdings, inc.",0,1,0.0,0.0,20210702,sidle eric,89924321027379,See Remarks,male,306261388.0
109514.0,,1777393,"chargepoint holdings, inc.",0,1,0.0,0.0,20210702,jackson rex s,89924321027362,Chief Financial Officer,male,306261388.0
43985.0,,1777393,"chargepoint holdings, inc.",1,0,0.0,0.0,20210702,chizen bruce r,89924321027360,,male,306261388.0
419163.0,,1777393,"chargepoint holdings, inc.",0,1,0.0,0.0,20210702,jansen colleen,89924321027384,Chief Marketing Officer,female,306261388.0
43857.0,,1777393,"chargepoint holdings, inc.",1,0,0.0,0.0,20210702,wagoner g richard jr,89924321027380,,male,306261388.0
3052720.0,17364150.0,1777393,"chargepoint holdings, inc.",1,0,0.0,0.0,20210709,suslak neil s,89924321028041,,male,306261388.0
,,1777393,"chargepoint holdings, inc.",1,0,0.0,0.0,20210713,suslak neil s,89924321028229,,male,306261388.0
21692.0,,1777393,"chargepoint holdings, inc.",1,0,0.0,0.0,20210714,harris jeffrey,89924321028322,,male,306261388.0
58583.0,43857.0,1777393,"chargepoint holdings, inc.",1,0,0.0,0.0,20210714,wagoner g richard jr,89924321028323,,male,306261388.0
10599.0,811222.0,1777393,"chargepoint holdings, inc.",1,0,0.0,0.0,20210714,chizen bruce r,89924321028324,,male,306261388.0
21692.0,,1777393,"chargepoint holdings, inc.",1,0,0.0,0.0,20210714,harries axel,89924321028325,,male,306261388.0
15432.0,,1777393,"chargepoint holdings, inc.",1,0,0.0,0.0,20210714,bowman roxanne,89924321028320,,female,306261388.0
21692.0,420946.0,1777393,"chargepoint holdings, inc.",1,0,0.0,0.0,20210714,leschly mark,89924321028321,,male,306261388.0
394667.0,,1777393,"chargepoint holdings, inc.",0,1,0.0,0.0,20210716,hughes michael d,89924321028683,See Remarks,male,306261388.0
2599712.0,,1777393,"chargepoint holdings, inc.",1,1,0.0,0.0,20210716,romano pasquale,89924321028684,See Remarks,male,306261388.0
2284712.0,,1777393,"chargepoint holdings, inc.",1,1,0.0,0.0,20210721,romano pasquale,89924321029252,See Remarks,male,306261388.0
27283.0,43857.0,1777393,"chargepoint holdings, inc.",1,0,0.0,0.0,20210721,wagoner g richard jr,89924321029253,,male,306261388.0
495303.0,,1777393,"chargepoint holdings, inc.",0,1,0.0,0.0,20210721,burghardt christopher,89924321029254,"Managing Director, Europe",male,306261388.0
144162.0,,1777393,"chargepoint holdings, inc.",0,1,0.0,0.0,20210721,sidle eric,89924321029257,See Remarks,male,306261388.0
294667.0,,1777393,"chargepoint holdings, inc.",0,1,0.0,0.0,20210721,hughes michael d,89924321029258,See Remarks,male,306261388.0
141521.0,,1777393,"chargepoint holdings, inc.",0,1,0.0,0.0,20210723,sidle eric,89924321029693,See Remarks,male,306261388.0
482097.0,,1777393,"chargepoint holdings, inc.",0,1,0.0,0.0,20210723,burghardt christopher,89924321029694,"Managing Director, Europe",male,306261388.0
22420.0,43857.0,1777393,"chargepoint holdings, inc.",1,0,0.0,0.0,20210723,wagoner g richard jr,89924321029692,,male,306261388.0
93844.0,,1777393,"chargepoint holdings, inc.",0,1,0.0,0.0,20210728,loewenthal william j,89924321030356,"Senior Vice President, Product",male,306261388.0
416048.0,,1777393,"chargepoint holdings, inc.",0,1,0.0,0.0,20210924,jansen colleen,89924321037693,Chief Marketing Officer,female,322602267.0
140284.0,,1777393,"chargepoint holdings, inc.",0,1,0.0,0.0,20210924,sidle eric,89924321037688,See Remarks,male,322602267.0
289995.0,,1777393,"chargepoint holdings, inc.",0,1,0.0,0.0,20210924,hughes michael d,89924321037696,See Remarks,male,322602267.0
478987.0,,1777393,"chargepoint holdings, inc.",0,1,0.0,0.0,20210924,burghardt christopher,89924321037695,"Managing Director, Europe",male,322602267.0
342573.0,76748.0,1777393,"chargepoint holdings, inc.",0,1,0.0,0.0,20210924,lee lawrence,89924321037698,See Remarks,male,322602267.0
112757.0,,1777393,"chargepoint holdings, inc.",0,1,0.0,0.0,20210924,loewenthal william j,89924321037689,"Senior Vice President, Product",male,322602267.0
369317.0,109514.0,1777393,"chargepoint holdings, inc.",0,1,0.0,0.0,20210924,jackson rex s,89924321037697,Chief Financial Officer,male,322602267.0
366619.0,,1777393,"chargepoint holdings, inc.",0,1,0.0,0.0,20210930,jansen colleen,89924321038464,Chief Marketing Officer,female,322602267.0
80197.0,,1777393,"chargepoint holdings, inc.",0,1,0.0,0.0,20210930,sidle eric,89924321038461,See Remarks,male,322602267.0
594987.0,,1777393,"chargepoint holdings, inc.",0,1,0.0,0.0,20210930,burghardt christopher,89924321038457,"Managing Director, Europe",male,322602267.0
47285.0,,1777393,"chargepoint holdings, inc.",1,0,0.0,0.0,20210930,wagoner g richard jr,89924321038453,,male,322602267.0
145197.0,,1777393,"chargepoint holdings, inc.",0,1,0.0,0.0,20211007,sidle eric,89924321039625,See Remarks,male,322602267.0
195197.0,,1777393,"chargepoint holdings, inc.",0,1,0.0,0.0,20211013,sidle eric,89924321040137,See Remarks,male,322602267.0
610799.0,,1777393,"chargepoint holdings, inc.",0,1,0.0,0.0,20211014,burghardt christopher,89924321040268,"Managing Director, Europe",male,322602267.0
16271.0,,1777393,"chargepoint holdings, inc.",1,0,0.0,0.0,20211202,chao elaine l.,89924321046586,,female,331027104.0
86131.0,,1777393,"chargepoint holdings, inc.",0,1,0.0,0.0,20211203,chavez rebecca,89924321046802,General Counsel and Secretary,female,331027104.0
48483.0,,1777393,"chargepoint holdings, inc.",1,0,0.0,0.0,20211213,wagoner g richard jr,89924321047927,,male,331027104.0
2764997.0,,1777393,"chargepoint holdings, inc.",1,1,0.0,0.0,20211213,romano pasquale,89924321047926,President and CEO,male,331027104.0
12500.0,,1777393,"chargepoint holdings, inc.",1,0,0.0,0.0,20211214,heystee susan,89924321048150,,female,331027104.0
0.0,,1777393,"chargepoint holdings, inc.",1,0,1.0,0.0,20211217,linse michael,89924321048828,,male,331027104.0
105407.0,,1777393,"chargepoint holdings, inc.",0,1,0.0,0.0,20211220,loewenthal william j,89924321048979,"Senior Vice President, Product",male,331027104.0
78411.0,,1777393,"chargepoint holdings, inc.",0,1,0.0,0.0,20211223,gerdes henrik,89924321049686,Chief Accounting Officer,male,331027104.0
358787.0,109514.0,1777393,"chargepoint holdings, inc.",0,1,0.0,0.0,20211223,jackson rex s,89924321049665,Chief Financial Officer,male,331027104.0
94320.0,,1777393,"chargepoint holdings, inc.",0,1,0.0,0.0,20211223,loewenthal william j,89924321049667,"Senior Vice President, Product",male,331027104.0
81676.0,,1777393,"chargepoint holdings, inc.",0,1,0.0,0.0,20211223,chavez rebecca,89924321049669,General Counsel and Secretary,female,331027104.0
363504.0,,1777393,"chargepoint holdings, inc.",0,1,0.0,0.0,20211223,jansen colleen,89924321049673,Chief Marketing Officer,female,331027104.0
285323.0,,1777393,"chargepoint holdings, inc.",0,1,0.0,0.0,20211223,hughes michael d,89924321049676,See Remarks,male,331027104.0
341486.0,76748.0,1777393,"chargepoint holdings, inc.",0,1,0.0,0.0,20211223,lee lawrence,89924321049679,See Remarks,male,331027104.0
193960.0,,1777393,"chargepoint holdings, inc.",0,1,0.0,0.0,20211223,sidle eric,89924321049689,See Remarks,male,331027104.0
402787.0,109514.0,1777393,"chargepoint holdings, inc.",0,1,0.0,0.0,20220104,jackson rex s,89924322000533,Chief Financial Officer,male,331027104.0
177614.0,,1777393,"chargepoint holdings, inc.",0,1,0.0,0.0,20220105,loewenthal william j,89924322000994,"Senior Vice President, Product",male,331027104.0
321486.0,76748.0,1777393,"chargepoint holdings, inc.",0,1,0.0,0.0,20220119,lee lawrence,89924322002436,See Remarks,male,331027104.0
192614.0,,1777393,"chargepoint holdings, inc.",0,1,0.0,0.0,20220131,loewenthal william j,89924322003676,"Senior Vice President, Product",male,334760615.0
343960.0,,1777393,"chargepoint holdings, inc.",0,1,0.0,0.0,20220208,sidle eric,89924322005222,See Remarks,male,334760615.0
79711.0,,1777393,"chargepoint holdings, inc.",0,1,0.0,0.0,20220314,gerdes henrik,89924322010965,Chief Accounting Officer,male,334760615.0
403523.0,109514.0,1777393,"chargepoint holdings, inc.",0,1,0.0,0.0,20220314,jackson rex s,89924322010949,Chief Financial Officer,male,334760615.0
2766428.0,,1777393,"chargepoint holdings, inc.",1,1,0.0,0.0,20220314,romano pasquale,89924322010961,See Remarks,male,334760615.0
286754.0,,1777393,"chargepoint holdings, inc.",0,1,0.0,0.0,20220314,hughes michael d,89924322010962,See Remarks,male,334760615.0
344451.0,,1777393,"chargepoint holdings, inc.",0,1,0.0,0.0,20220314,sidle eric,89924322010956,See Remarks,male,334760615.0
194045.0,,1777393,"chargepoint holdings, inc.",0,1,0.0,0.0,20220314,loewenthal william j,89924322010957,"Senior Vice President, Product",male,334760615.0
364486.0,,1777393,"chargepoint holdings, inc.",0,1,0.0,0.0,20220314,jansen colleen,89924322010960,Chief Marketing Officer,female,334760615.0
322832.0,76748.0,1777393,"chargepoint holdings, inc.",0,1,0.0,0.0,20220314,lee lawrence,89924322010954,See Remarks,male,334760615.0
83107.0,,1777393,"chargepoint holdings, inc.",0,1,0.0,0.0,20220314,chavez rebecca,89924322010966,General Counsel and Secretary,female,334760615.0
344451.0,,1777393,"chargepoint holdings, inc.",0,1,0.0,0.0,20220321,sidle eric,89924322011710,See Remarks,male,334760615.0
395423.0,109514.0,1777393,"chargepoint holdings, inc.",0,1,0.0,0.0,20220324,jackson rex s,89924322012107,Chief Financial Officer,male,334760615.0
362013.0,,1777393,"chargepoint holdings, inc.",0,1,0.0,0.0,20220324,jansen colleen,89924322012104,Chief Marketing Officer,female,334760615.0
80937.0,,1777393,"chargepoint holdings, inc.",0,1,0.0,0.0,20220324,chavez rebecca,89924322012105,General Counsel and Secretary,female,334760615.0
79159.0,,1777393,"chargepoint holdings, inc.",0,1,0.0,0.0,20220324,gerdes henrik,89924322012106,Chief Accounting Officer,male,334760615.0
283417.0,,1777393,"chargepoint holdings, inc.",0,1,0.0,0.0,20220324,hughes michael d,89924322012108,See Remarks,male,334760615.0
321513.0,76748.0,1777393,"chargepoint holdings, inc.",0,1,0.0,0.0,20220324,lee lawrence,89924322012109,See Remarks,male,334760615.0
192726.0,,1777393,"chargepoint holdings, inc.",0,1,0.0,0.0,20220324,loewenthal william j,89924322012110,"Senior Vice President, Product",male,334760615.0
343497.0,,1777393,"chargepoint holdings, inc.",0,1,0.0,0.0,20220324,sidle eric,89924322012103,See Remarks,male,334760615.0
362013.0,,1777393,"chargepoint holdings, inc.",0,1,0.0,0.0,20220329,jansen colleen,89924322012735,Chief Marketing Officer,female,335940082.0
343497.0,,1777393,"chargepoint holdings, inc.",0,1,0.0,0.0,20220405,sidle eric,89924322013802,See Remarks,male,335940082.0
283417.0,,1777393,"chargepoint holdings, inc.",0,1,0.0,0.0,20220405,hughes michael d,89924322013804,See Remarks,male,335940082.0
362013.0,,1777393,"chargepoint holdings, inc.",0,1,0.0,0.0,20220405,jansen colleen,89924322013805,Chief Marketing Officer,female,335940082.0
17131.0,,1777393,"chargepoint holdings, inc.",1,0,0.0,0.0,20220407,singh-bushell ekta,89924322014284,,female,335940082.0
52378.0,,1777393,"chargepoint holdings, inc.",1,0,0.0,0.0,20220413,wagoner g richard jr,89924322014731,,male,335940082.0
2766428.0,,1777393,"chargepoint holdings, inc.",1,1,0.0,0.0,20220426,romano pasquale,89924322015660,President and CEO,male,335940082.0
217726.0,,1777393,"chargepoint holdings, inc.",0,1,0.0,0.0,20220516,loewenthal william j,89924322018162,"Senior Vice President, Product",male,336672629.0
445619.0,109514.0,1777393,"chargepoint holdings, inc.",0,1,0.0,0.0,20220519,jackson rex s,89924322018860,Chief Financial Officer,male,336672629.0
123328.0,,1777393,"chargepoint holdings, inc.",0,1,0.0,0.0,20220603,gerdes henrik,89924322021109,Chief Accounting Officer,male,336962739.0
1135057.0,109514.0,1777393,"chargepoint holdings, inc.",0,1,0.0,0.0,20220603,jackson rex s,89924322021110,Chief Financial Officer,male,336962739.0
447538.0,,1777393,"chargepoint holdings, inc.",0,1,0.0,0.0,20220603,loewenthal william j,89924322021114,Chief Product Officer,male,336962739.0
619271.0,,1777393,"chargepoint holdings, inc.",0,1,0.0,0.0,20220603,sidle eric,89924322021115,Chief Technology Officer,male,336962739.0
4145304.0,,1777393,"chargepoint holdings, inc.",1,1,0.0,0.0,20220603,romano pasquale,89924322021116,President and CEO,male,336962739.0
264786.0,,1777393,"chargepoint holdings, inc.",0,1,0.0,0.0,20220603,chavez rebecca,89924322021117,General Counsel and Secretary,female,336962739.0
591825.0,,1777393,"chargepoint holdings, inc.",0,1,0.0,0.0,20220603,jansen colleen,89924322021119,Chief Marketing Officer,female,336962739.0
972855.0,,1777393,"chargepoint holdings, inc.",0,1,0.0,0.0,20220603,hughes michael d,89924322021108,See Remarks,male,336962739.0
23985.0,767237.0,1777393,"chargepoint holdings, inc.",1,0,0.0,0.0,20220610,chizen bruce r,89924322021921,,male,336962739.0
301513.0,76748.0,1777393,"chargepoint holdings, inc.",0,1,0.0,0.0,20220610,lee lawrence,89924322021926,See Remarks,male,336962739.0
972855.0,,1777393,"chargepoint holdings, inc.",0,1,0.0,0.0,20220610,hughes michael d,89924322021925,See Remarks,male,336962739.0
4145304.0,,1777393,"chargepoint holdings, inc.",1,1,0.0,0.0,20220610,romano pasquale,89924322021920,President and CEO,male,336962739.0
443512.0,,1777393,"chargepoint holdings, inc.",0,1,0.0,0.0,20220617,loewenthal william j,89924322023153,Chief Product Officer,male,336962739.0
4145304.0,,1777393,"chargepoint holdings, inc.",1,1,0.0,0.0,20220617,romano pasquale,89924322023088,President and CEO,male,336962739.0
121877.0,,1777393,"chargepoint holdings, inc.",0,1,0.0,0.0,20220624,gerdes henrik,89924322023998,Chief Accounting Officer,male,336962739.0
300399.0,76748.0,1777393,"chargepoint holdings, inc.",0,1,0.0,0.0,20220624,lee lawrence,89924322023995,See Remarks,male,336962739.0
968065.0,,1777393,"chargepoint holdings, inc.",0,1,0.0,0.0,20220624,hughes michael d,89924322023994,See Remarks,male,336962739.0
589597.0,,1777393,"chargepoint holdings, inc.",0,1,0.0,0.0,20220624,jansen colleen,89924322023993,Chief Marketing Officer,female,336962739.0
618003.0,,1777393,"chargepoint holdings, inc.",0,1,0.0,0.0,20220624,sidle eric,89924322023982,Chief Technology Officer,male,336962739.0
1127171.0,109514.0,1777393,"chargepoint holdings, inc.",0,1,0.0,0.0,20220624,jackson rex s,89924322023980,Chief Financial Officer,male,336962739.0
262867.0,,1777393,"chargepoint holdings, inc.",0,1,0.0,0.0,20220624,chavez rebecca,89924322023976,General Counsel and Secretary,female,336962739.0
442398.0,,1777393,"chargepoint holdings, inc.",0,1,0.0,0.0,20220624,loewenthal william j,89924322023975,Chief Product Officer,male,336962739.0
121877.0,,1777393,"chargepoint holdings, inc.",0,1,0.0,0.0,20220624,gerdes henrik,89924322024014,Chief Accounting Officer,male,336962739.0
300399.0,76748.0,1777393,"chargepoint holdings, inc.",0,1,0.0,0.0,20220624,lee lawrence,89924322024016,See Remarks,male,336962739.0
968065.0,,1777393,"chargepoint holdings, inc.",0,1,0.0,0.0,20220624,hughes michael d,89924322024017,See Remarks,male,336962739.0
589597.0,,1777393,"chargepoint holdings, inc.",0,1,0.0,0.0,20220624,jansen colleen,89924322024009,Chief Marketing Officer,female,336962739.0
437964.0,,1777393,"chargepoint holdings, inc.",0,1,0.0,0.0,20220705,loewenthal william j,89924322024981,Chief Product Officer,male,336962739.0
56932.0,,1777393,"chargepoint holdings, inc.",1,0,0.0,0.0,20220708,wagoner g richard jr,89924322025813,,male,336962739.0
121877.0,,1777393,"chargepoint holdings, inc.",0,1,0.0,0.0,20220713,gerdes henrik,89924322026021,Chief Accounting Officer,male,336962739.0
25643.0,12500.0,1777393,"chargepoint holdings, inc.",1,0,0.0,0.0,20220714,heystee susan,89924322026076,,female,336962739.0
28995.0,,1777393,"chargepoint holdings, inc.",1,0,0.0,0.0,20220714,bowman roxanne,89924322026078,,female,336962739.0
35255.0,,1777393,"chargepoint holdings, inc.",1,0,0.0,0.0,20220714,harris jeffrey,89924322026079,,male,336962739.0
29834.0,,1777393,"chargepoint holdings, inc.",1,0,0.0,0.0,20220714,chao elaine l.,89924322026080,,female,336962739.0
35983.0,56932.0,1777393,"chargepoint holdings, inc.",1,0,0.0,0.0,20220714,wagoner g richard jr,89924322026081,,male,336962739.0
35255.0,420946.0,1777393,"chargepoint holdings, inc.",1,0,0.0,0.0,20220714,leschly mark,89924322026083,,male,336962739.0
35255.0,,1777393,"chargepoint holdings, inc.",1,0,0.0,0.0,20220714,harries axel,89924322026084,,male,336962739.0
24162.0,791222.0,1777393,"chargepoint holdings, inc.",1,0,0.0,0.0,20220714,chizen bruce r,89924322026082,,male,336962739.0
23912.0,,1777393,"chargepoint holdings, inc.",1,0,0.0,0.0,20220714,singh-bushell ekta,89924322026077,,female,336962739.0
968065.0,,1777393,"chargepoint holdings, inc.",0,1,0.0,0.0,20220801,hughes michael d,89924322027163,See Remarks,male,338820463.0
13985.0,767237.0,1777393,"chargepoint holdings, inc.",1,0,0.0,0.0,20220801,chizen bruce r,89924322027162,,male,338820463.0
3985.0,767237.0,1777393,"chargepoint holdings, inc.",1,0,0.0,0.0,20220803,chizen bruce r,89924322027625,,male,338820463.0
968065.0,,1777393,"chargepoint holdings, inc.",0,1,0.0,0.0,20220803,hughes michael d,89924322027624,See Remarks,male,338820463.0
437964.0,,1777393,"chargepoint holdings, inc.",0,1,0.0,0.0,20220803,loewenthal william j,89924322027620,Chief Product Officer,male,338820463.0
584561.0,,1777393,"chargepoint holdings, inc.",0,1,0.0,0.0,20220816,sidle eric,89924322028786,See Remarks,male,338820463.0
589597.0,,1777393,"chargepoint holdings, inc.",0,1,0.0,0.0,20220816,jansen colleen,89924322028784,Chief Marketing Officer,female,338820463.0
478960.0,,1777393,"chargepoint holdings, inc.",0,1,0.0,0.0,20220906,wilmer richard,89924322030464,See Remarks,male,339867655.0
112937.0,,1777393,"chargepoint holdings, inc.",0,1,0.0,0.0,20220906,gerdes henrik,89924322030466,Chief Accounting Officer,male,339867655.0
585244.0,,1777393,"chargepoint holdings, inc.",0,1,0.0,0.0,20220912,sidle eric,89924322030836,See Remarks,male,339867655.0
301793.0,76748.0,1777393,"chargepoint holdings, inc.",0,1,0.0,0.0,20220912,lee lawrence,89924322030834,See Remarks,male,339867655.0
590863.0,,1777393,"chargepoint holdings, inc.",0,1,0.0,0.0,20220912,jansen colleen,89924322030842,Chief Marketing Officer,female,339867655.0
439262.0,,1777393,"chargepoint holdings, inc.",0,1,0.0,0.0,20220912,loewenthal william j,89924322030844,Chief Product Officer,male,339867655.0
95698.0,,1777393,"chargepoint holdings, inc.",0,1,0.0,0.0,20220912,gerdes henrik,89924322030845,Chief Accounting Officer,male,339867655.0
4146602.0,,1777393,"chargepoint holdings, inc.",1,1,0.0,0.0,20220912,romano pasquale,89924322030848,President and CEO,male,339867655.0
264165.0,,1777393,"chargepoint holdings, inc.",0,1,0.0,0.0,20220912,chavez rebecca,89924322030849,General Counsel and Secretary,female,339867655.0
757256.0,,1777393,"chargepoint holdings, inc.",1,0,0.0,0.0,20220912,chizen bruce r,89924322030838,,male,339867655.0
969363.0,,1777393,"chargepoint holdings, inc.",0,1,0.0,0.0,20220912,hughes michael d,89924322030840,See Remarks,male,339867655.0
1128124.0,109514.0,1777393,"chargepoint holdings, inc.",0,1,0.0,0.0,20220913,jackson rex s,89924322030954,Chief Financial Officer,male,339867655.0
590863.0,,1777393,"chargepoint holdings, inc.",0,1,0.0,0.0,20220916,jansen colleen,89924322031293,Chief Marketing Officer,female,339867655.0
300593.0,76748.0,1777393,"chargepoint holdings, inc.",0,1,0.0,0.0,20220923,lee lawrence,89924322031906,See Remarks,male,339867655.0
586346.0,,1777393,"chargepoint holdings, inc.",0,1,0.0,0.0,20220923,jansen colleen,89924322031908,Chief Marketing Officer,female,339867655.0
435943.0,,1777393,"chargepoint holdings, inc.",0,1,0.0,0.0,20220923,loewenthal william j,89924322031910,Chief Product Officer,male,339867655.0
197335.0,,1777393,"chargepoint holdings, inc.",0,1,0.0,0.0,20220923,jackson rex s,89924322031914,Chief Financial Officer,male,339867655.0
580985.0,,1777393,"chargepoint holdings, inc.",0,1,0.0,0.0,20220923,sidle eric,89924322031915,Chief Technology Officer,male,339867655.0
93314.0,,1777393,"chargepoint holdings, inc.",0,1,0.0,0.0,20220923,gerdes henrik,89924322031916,Chief Accounting Officer,male,339867655.0
260404.0,,1777393,"chargepoint holdings, inc.",0,1,0.0,0.0,20220923,chavez rebecca,89924322031921,General Counsel and Secretary,female,339867655.0
955094.0,,1777393,"chargepoint holdings, inc.",0,1,0.0,0.0,20220923,hughes michael d,89924322031918,See Remarks,male,339867655.0
640985.0,,1777393,"chargepoint holdings, inc.",0,1,0.0,0.0,20220927,sidle eric,89924322032130,Chief Technology Officer,male,339867655.0
747256.0,3966.0,1777393,"chargepoint holdings, inc.",1,0,0.0,0.0,20221005,chizen bruce r,89924322032983,,male,339867655.0
435943.0,,1777393,"chargepoint holdings, inc.",0,1,0.0,0.0,20221005,loewenthal william j,89924322032977,Chief Product Officer,male,339867655.0
955094.0,,1777393,"chargepoint holdings, inc.",0,1,0.0,0.0,20221005,hughes michael d,89924322032978,See Remarks,male,339867655.0
435943.0,,1777393,"chargepoint holdings, inc.",,true,,,20221104,loewenthal william j,114036122040014,Chief Product Officer,male,341531034.0
435943.0,,1777393,"chargepoint holdings, inc.",,true,,,20221214,loewenthal william j,114036122045538,Chief Product Officer,male,341684268.0
4146602.0,,1777393,"chargepoint holdings, inc.",1,1,0.0,0.0,20221221,romano pasquale,156761922021931,President and CEO,male,341684268.0
90172.0,,1777393,"chargepoint holdings, inc.",,true,,,20221223,gerdes henrik,114036122046890,Chief Accounting Officer,male,341684268.0
1099314.0,197335.0,1777393,"chargepoint holdings, inc.",,true,,,20221223,jackson rex s,114036122046889,Chief Financial Officer,male,341684268.0
637070.0,,1777393,"chargepoint holdings, inc.",,true,,,20221223,sidle eric,114036122046888,Chief Technology Officer,male,341684268.0
432892.0,,1777393,"chargepoint holdings, inc.",,true,,,20221223,loewenthal william j,114036122046887,Chief Product Officer,male,341684268.0
941977.0,,1777393,"chargepoint holdings, inc.",,true,,,20221223,hughes michael d,114036122046886,See Remarks,male,341684268.0
256945.0,,1777393,"chargepoint holdings, inc.",,true,,,20221223,chavez rebecca,114036122046883,General Counsel and Secretary,female,341684268.0
659595.0,,1777393,"chargepoint holdings, inc.",,true,,,20221227,wilmer richard,114036122047042,See Remarks,male,341684268.0
432892.0,,1777393,"chargepoint holdings, inc.",0,1,0.0,0.0,20230109,loewenthal william j,156761923000743,Chief Product Officer,male,341684268.0
372892.0,,1777393,"chargepoint holdings, inc.",0,1,0.0,0.0,20230111,loewenthal william j,156761923000815,Chief Product Officer,male,341684268.0
950726.0,,1777393,"chargepoint holdings, inc.",0,1,0.0,0.0,20230119,sidle eric,156761923001028,Chief Technology Officer,male,341684268.0
359713.0,,1777393,"chargepoint holdings, inc.",0,1,0.0,0.0,20230303,chavez rebecca,156761923004469,General Counsel and Secretary,female,348330481.0
4148054.0,,1777393,"chargepoint holdings, inc.",1,1,0.0,0.0,20230313,romano pasquale,156761923004943,President and CEO,male,348330481.0
1100945.0,197335.0,1777393,"chargepoint holdings, inc.",0,1,0.0,0.0,20230313,jackson rex s,156761923004941,Chief Financial Officer,male,348330481.0
943429.0,,1777393,"chargepoint holdings, inc.",0,1,0.0,0.0,20230313,hughes michael d,156761923004939,See Remarks,male,348330481.0
91624.0,,1777393,"chargepoint holdings, inc.",0,1,0.0,0.0,20230313,gerdes henrik,156761923004938,Chief Accounting Officer,male,348330481.0
361165.0,,1777393,"chargepoint holdings, inc.",0,1,0.0,0.0,20230313,chavez rebecca,156761923004937,General Counsel and Secretary,female,348330481.0
662330.0,,1777393,"chargepoint holdings, inc.",0,1,0.0,0.0,20230313,wilmer richard,156761923004944,See Remarks,male,348330481.0
933894.0,,1777393,"chargepoint holdings, inc.",,true,,,20230323,hughes michael d,114036123013425,See Remarks,male,348330481.0
357182.0,,1777393,"chargepoint holdings, inc.",,true,,,20230323,chavez rebecca,114036123013426,General Counsel and Secretary,female,348330481.0
89055.0,,1777393,"chargepoint holdings, inc.",,true,,,20230323,gerdes henrik,114036123013427,Chief Accounting Officer,male,348330481.0
658018.0,,1777393,"chargepoint holdings, inc.",,true,,,20230323,wilmer richard,114036123013428,See Remarks,male,348330481.0
1086469.0,197335.0,1777393,"chargepoint holdings, inc.",,true,,,20230323,jackson rex s,114036123013429,Chief Financial Officer,male,348330481.0
897894.0,,1777393,"chargepoint holdings, inc.",,true,,,20230516,hughes michael d,114036123025034,See Remarks,male,353081102.0
4148054.0,,1777393,"chargepoint holdings, inc.",true,true,,,20230517,romano pasquale,114036123025278,President and CEO,male,353081102.0
4148054.0,,1777393,"chargepoint holdings, inc.",true,true,,,20230519,romano pasquale,114036123025765,President and CEO,male,353081102.0
4148054.0,,1777393,"chargepoint holdings, inc.",true,true,,,20230523,romano pasquale,114036123026259,President and CEO,male,353081102.0
897894.0,,1777393,"chargepoint holdings, inc.",,true,,,20230613,hughes michael d,114036123029602,See Remarks,male,353312687.0
4148054.0,,1777393,"chargepoint holdings, inc.",true,true,,,20230614,romano pasquale,114036123029847,President and CEO,male,353312687.0
4148054.0,,1777393,"chargepoint holdings, inc.",true,true,,,20230615,romano pasquale,114036123030073,President and CEO,male,353312687.0
4148054.0,,1777393,"chargepoint holdings, inc.",true,true,,,20230616,romano pasquale,114036123030342,President and CEO,male,353312687.0
4148054.0,,1777393,"chargepoint holdings, inc.",true,true,,,20230622,romano pasquale,114036123031010,President and CEO,male,353312687.0
352431.0,,1777393,"chargepoint holdings, inc.",,true,,,20230623,chavez rebecca,114036123031198,General Counsel and Secretary,female,353312687.0
1070291.0,197335.0,1777393,"chargepoint holdings, inc.",,true,,,20230623,jackson rex s,114036123031199,Chief Financial Officer,male,353312687.0
883670.0,,1777393,"chargepoint holdings, inc.",,true,,,20230623,hughes michael d,114036123031196,See Remarks,male,353312687.0
637031.0,,1777393,"chargepoint holdings, inc.",,true,,,20230623,wilmer richard,114036123031197,See Remarks,male,353312687.0
83537.0,,1777393,"chargepoint holdings, inc.",,true,,,20230623,gerdes henrik,114036123031200,Chief Accounting Officer,male,353312687.0
4148054.0,,1777393,"chargepoint holdings, inc.",true,true,,,20230627,romano pasquale,114036123031709,President and CEO,male,353312687.0
883670.0,,1777393,"chargepoint holdings, inc.",,true,,,20230706,hughes michael d,114036123033429,See Remarks,male,353312687.0
4148054.0,,1777393,"chargepoint holdings, inc.",true,true,,,20230707,romano pasquale,114036123033597,President and CEO,male,353312687.0
4148054.0,,1777393,"chargepoint holdings, inc.",true,true,,,20230711,romano pasquale,114036123034107,President and CEO,male,353312687.0
4148054.0,,1777393,"chargepoint holdings, inc.",true,true,,,20230714,romano pasquale,114036123034656,President and CEO,male,353312687.0
4148054.0,,1777393,"chargepoint holdings, inc.",true,true,,,20230719,romano pasquale,114036123035282,President and CEO,male,353312687.0
51759.0,,1777393,"chargepoint holdings, inc.",true,,,,20230720,chao elaine l.,114036123035549,,female,353312687.0
45837.0,,1777393,"chargepoint holdings, inc.",true,,,,20230720,singh-bushell ekta,114036123035548,,female,353312687.0
47568.0,12500.0,1777393,"chargepoint holdings, inc.",true,,,,20230720,heystee susan,114036123035550,,female,353312687.0
57908.0,62235.0,1777393,"chargepoint holdings, inc.",true,,,,20230720,wagoner g richard jr,114036123035547,,male,353312687.0
57180.0,,1777393,"chargepoint holdings, inc.",true,,,,20230720,harries axel,114036123035546,,male,353312687.0
50920.0,,1777393,"chargepoint holdings, inc.",true,,,,20230720,bowman roxanne,114036123035545,,female,353312687.0
46087.0,751222.0,1777393,"chargepoint holdings, inc.",true,,,,20230720,chizen bruce r,114036123035544,,male,353312687.0
57180.0,,1777393,"chargepoint holdings, inc.",true,,,,20230720,harris jeffrey,114036123035543,,male,353312687.0
57180.0,420946.0,1777393,"chargepoint holdings, inc.",true,,,,20230720,leschly mark,114036123035542,,male,353312687.0
4148054.0,,1777393,"chargepoint holdings, inc.",true,true,,,20230724,romano pasquale,114036123035914,President and CEO,male,353312687.0
4148054.0,,1777393,"chargepoint holdings, inc.",true,true,,,20230726,romano pasquale,114036123036293,President and CEO,male,353312687.0
4148054.0,,1777393,"chargepoint holdings, inc.",true,true,,,20230731,romano pasquale,90514823000543,President and CEO,male,359792252.0
883670.0,,1777393,"chargepoint holdings, inc.",,true,,,20230803,hughes michael d,90514823000588,See Remarks,male,359792252.0
4148054.0,,1777393,"chargepoint holdings, inc.",true,true,,,20230809,romano pasquale,90514823000649,President and CEO,male,359792252.0
4148054.0,,1777393,"chargepoint holdings, inc.",true,true,,,20230814,romano pasquale,90514823000752,President and CEO,male,359792252.0
4148054.0,,1777393,"chargepoint holdings, inc.",true,true,,,20230817,romano pasquale,90514823000763,President and CEO,male,359792252.0
4148054.0,,1777393,"chargepoint holdings, inc.",true,true,,,20230818,romano pasquale,90514823000771,President and CEO,male,359792252.0
1990345.0,197335.0,1777393,"chargepoint holdings, inc.",,true,,,20230912,jackson rex s,90514823000909,Chief Financial Officer,male,360053986.0
1247256.0,3966.0,1777393,"chargepoint holdings, inc.",true,,,,20230915,chizen bruce r,90514823000934,,male,360053986.0
883670.0,,1777393,"chargepoint holdings, inc.",,true,,,20230918,hughes michael d,90514823000938,See Remarks,male,360053986.0
41215.0,,1777393,"chargepoint holdings, inc.",true,,,,20230922,singh-bushell ekta,90514823000981,,female,360053986.0
869942.0,,1777393,"chargepoint holdings, inc.",,true,,,20230925,hughes michael d,90514823001006,See Remarks,male,360053986.0
1973546.0,197335.0,1777393,"chargepoint holdings, inc.",,true,,,20230925,jackson rex s,90514823001007,Chief Financial Officer,male,360053986.0
628840.0,,1777393,"chargepoint holdings, inc.",,true,,,20230925,wilmer richard,90514823001008,See Remarks,male,360053986.0
78210.0,,1777393,"chargepoint holdings, inc.",,true,,,20230925,gerdes henrik,90514823001005,Chief Accounting Officer,male,360053986.0
347846.0,,1777393,"chargepoint holdings, inc.",,true,,,20230925,chavez rebecca,90514823001004,General Counsel and Secretary,female,360053986.0
121806.0,,1777393,"chargepoint holdings, inc.",,true,,,20231020,gerdes henrik,90514823001160,Chief Accounting Officer,male,360053986.0
2388840.0,,1777393,"chargepoint holdings, inc.",true,true,,,20231204,wilmer richard,90514823001572,President and CEO,male,418027891.0
442110.0,,1777393,"chargepoint holdings, inc.",,true,,,20231204,khetani mansi,90514823001573,Interim CFO,male,418027891.0
647846.0,,1777393,"chargepoint holdings, inc.",,true,,,20231204,chavez rebecca,90514823001574,General Counsel and Secretary,female,418027891.0
116375.0,,1777393,"chargepoint holdings, inc.",0,1,0.0,0.0,20231222,gerdes henrik,177739323000067,Chief Accounting Officer,male,418027891.0
436187.0,,1777393,"chargepoint holdings, inc.",0,1,0.0,0.0,20231222,khetani mansi,177739323000064,Interim CFO,male,418027891.0
855947.0,,1777393,"chargepoint holdings, inc.",0,1,0.0,0.0,20231222,hughes michael d,177739323000065,See Remarks,male,418027891.0
2380490.0,,1777393,"chargepoint holdings, inc.",1,1,0.0,0.0,20231222,wilmer richard,177739323000068,President and CEO,male,418027891.0
643170.0,,1777393,"chargepoint holdings, inc.",0,1,0.0,0.0,20231222,chavez rebecca,177739323000066,General Counsel and Secretary,female,418027891.0
399730.0,,1777393,"chargepoint holdings, inc.",1,0,0.0,0.0,20240122,bowman roxanne,177739324000005,,female,418027891.0
221375.0,,1777393,"chargepoint holdings, inc.",0,1,0.0,0.0,20240222,gerdes henrik,177739324000007,Chief Accounting Officer,male,421116720.0
225722.0,,1777393,"chargepoint holdings, inc.",0,1,0.0,0.0,20240312,gerdes henrik,177739324000022,Chief Accounting Officer,male,421116720.0
647518.0,,1777393,"chargepoint holdings, inc.",0,1,0.0,0.0,20240312,chavez rebecca,177739324000025,General Counsel and Secretary,female,421116720.0
440535.0,,1777393,"chargepoint holdings, inc.",0,1,0.0,0.0,20240312,khetani mansi,177739324000024,Interim CFO,male,421116720.0
2384838.0,,1777393,"chargepoint holdings, inc.",1,1,0.0,0.0,20240312,wilmer richard,177739324000023,President and CEO,male,421116720.0
493988.0,,1777393,"chargepoint holdings, inc.",0,1,0.0,0.0,20240312,singh jagdeep ca,177739324000021,CCXO,male,421116720.0
642690.0,,1777393,"chargepoint holdings, inc.",0,1,0.0,0.0,20240321,chavez rebecca,177739324000046,CLO and Corp Secretary,female,423359511.0
484503.0,,1777393,"chargepoint holdings, inc.",0,1,0.0,0.0,20240321,singh jagdeep ca,177739324000044,CCXO,male,423359511.0
2359462.0,,1777393,"chargepoint holdings, inc.",1,1,0.0,0.0,20240321,wilmer richard,177739324000043,President and CEO,male,423359511.0
421500.0,,1777393,"chargepoint holdings, inc.",0,1,0.0,0.0,20240321,khetani mansi,177739324000042,Interim CFO,male,423359511.0
220115.0,,1777393,"chargepoint holdings, inc.",0,1,0.0,0.0,20240321,gerdes henrik,177739324000045,Chief Accounting Officer,male,423359511.0
351600.0,,1777393,"chargepoint holdings, inc.",0,1,0.0,0.0,20240329,gerdes henrik,177739324000048,Chief Accounting Officer,male,423359511.0
481600.0,,1777393,"chargepoint holdings, inc.",0,1,0.0,0.0,20240503,gerdes henrik,177739324000056,Chief Accounting Officer,male,425133634.0
971690.0,,1777393,"chargepoint holdings, inc.",0,1,0.0,0.0,20240605,chavez rebecca,177739324000076,CLO and Corp Secretary,female,425303705.0
895753.0,,1777393,"chargepoint holdings, inc.",0,1,0.0,0.0,20240605,singh jagdeep ca,177739324000074,CCXO,male,425303705.0
2331740.0,,1777393,"chargepoint holdings, inc.",1,1,0.0,0.0,20240621,wilmer richard,177739324000104,President and CEO,male,425303705.0
427375.0,,1777393,"chargepoint holdings, inc.",0,1,0.0,0.0,20240621,gerdes henrik,177739324000102,Chief Accounting Officer,male,425303705.0
966916.0,,1777393,"chargepoint holdings, inc.",0,1,0.0,0.0,20240621,chavez rebecca,177739324000100,CLO and Corp Secretary,female,425303705.0
402493.0,,1777393,"chargepoint holdings, inc.",0,1,0.0,0.0,20240621,khetani mansi,177739324000097,Interim CFO,male,425303705.0
886364.0,,1777393,"chargepoint holdings, inc.",0,1,0.0,0.0,20240621,singh jagdeep ca,177739324000095,CCXO,male,425303705.0
163120.0,12500.0,1777393,"chargepoint holdings, inc.",1,0,0.0,0.0,20240711,heystee susan,177739324000124,,female,425303705.0
156767.0,,1777393,"chargepoint holdings, inc.",1,0,0.0,0.0,20240711,singh-bushell ekta,177739324000121,,female,425303705.0
172732.0,,1777393,"chargepoint holdings, inc.",1,0,0.0,0.0,20240711,harries axel,177739324000123,,male,425303705.0
172732.0,,1777393,"chargepoint holdings, inc.",1,0,0.0,0.0,20240711,linse michael,177739324000133,,male,425303705.0
872493.0,,1777393,"chargepoint holdings, inc.",0,1,0.0,0.0,20240711,khetani mansi,177739324000131,CFO,male,425303705.0
172732.0,,1777393,"chargepoint holdings, inc.",1,0,0.0,0.0,20240711,harris jeffrey,177739324000130,,male,425303705.0
515282.0,,1777393,"chargepoint holdings, inc.",1,0,0.0,0.0,20240711,bowman roxanne,177739324000129,,female,425303705.0
240473.0,,1777393,"chargepoint holdings, inc.",1,0,0.0,0.0,20240711,dhruv mitesh,177739324000128,,male,425303705.0
172732.0,420946.0,1777393,"chargepoint holdings, inc.",1,0,0.0,0.0,20240711,leschly mark,177739324000122,,male,425303705.0
161639.0,1251222.0,1777393,"chargepoint holdings, inc.",1,0,0.0,0.0,20240711,chizen bruce r,177739324000127,,male,425303705.0
167311.0,,1777393,"chargepoint holdings, inc.",1,0,0.0,0.0,20240711,chao elaine l.,177739324000126,,female,425303705.0
173460.0,69438.0,1777393,"chargepoint holdings, inc.",1,0,0.0,0.0,20240711,wagoner g richard jr,177739324000125,,male,425303705.0
416884.0,,1777393,"chargepoint holdings, inc.",0,1,0.0,0.0,20240925,gerdes henrik,177739324000158,Chief Accounting Officer,male,431580576.0
958911.0,,1777393,"chargepoint holdings, inc.",0,1,0.0,0.0,20240925,chavez rebecca,177739324000156,CLO and Corp Secretary,female,431580576.0
849084.0,,1777393,"chargepoint holdings, inc.",0,1,0.0,0.0,20240925,khetani mansi,177739324000160,CFO,male,431580576.0
873004.0,,1777393,"chargepoint holdings, inc.",0,1,0.0,0.0,20240925,singh jagdeep ca,177739324000162,CCXO,male,431580576.0
2304489.0,,1777393,"chargepoint holdings, inc.",1,1,0.0,0.0,20240925,wilmer richard,177739324000164,President and CEO,male,431580576.0
390596.0,,1777393,"chargepoint holdings, inc.",0,1,0.0,0.0,20241015,gerdes henrik,177739324000166,Chief Accounting Officer,male,431580576.0
977343.0,,1777393,"chargepoint holdings, inc.",0,1,0.0,0.0,20241106,khetani mansi,177739324000169,CFO,male,440752641.0
1198004.0,,1777393,"chargepoint holdings, inc.",0,1,0.0,0.0,20241205,singh jagdeep ca,177739324000186,CCXO,male,442340874.0
1258911.0,,1777393,"chargepoint holdings, inc.",0,1,0.0,0.0,20241205,chavez rebecca,177739324000184,CLO and Corp Secretary,female,442340874.0
1252343.0,,1777393,"chargepoint holdings, inc.",0,1,0.0,0.0,20241205,khetani mansi,177739324000182,CFO,male,442340874.0
4466489.0,,1777393,"chargepoint holdings, inc.",1,1,0.0,0.0,20241205,wilmer richard,177739324000181,President and CEO,male,442340874.0
1527500.0,,1777393,"chargepoint holdings, inc.",0,1,0.0,0.0,20241205,vice john david,177739324000180,CRO,male,442340874.0
1161430.0,,1777393,"chargepoint holdings, inc.",0,1,0.0,0.0,20241223,singh jagdeep ca,177739324000219,CCXO,male,442340874.0
362060.0,,1777393,"chargepoint holdings, inc.",0,1,0.0,0.0,20241223,gerdes henrik,177739324000217,Chief Accounting Officer,male,442340874.0
1230305.0,,1777393,"chargepoint holdings, inc.",0,1,0.0,0.0,20241223,khetani mansi,177739324000215,CFO,male,442340874.0
4440731.0,,1777393,"chargepoint holdings, inc.",1,1,0.0,0.0,20241223,wilmer richard,177739324000213,President and CEO,male,442340874.0
1198062.0,,1777393,"chargepoint holdings, inc.",0,1,0.0,0.0,20241223,chavez rebecca,177739324000221,CLO and Corp Secretary,female,442340874.0
